               1 1              1    1       
    1    1     0 1       0      0    1       
    1    0     1 0       0      1            
  1 1    1     0 1       1    0 0  1         
  0      1   ____________1    1 1  1   0     
  1 1    1  /\           \    0 0  1   1     
  1 0    1 /  \      O    \   0    0   1     
  1 0     / O  \           \  1    1        
    0    /      \___________\ 1    1        
    1    \      /  O     O /  1    1        
    0     \ O  /          /   0    1   1     
 1  0      \  /  O    O  /    0    1   0     
 1          \/__________/    11    0     
 0         0     0       0   01    0   0     
 0         1     0  1    0   10    0    
 1         1     1  0    1   11    1   1     
